37
77
459
626
492
243
371
487
733
696
89
933
526
587
420
130
957
898
23
898
18
254
969
116
103
197
984
262
725
355
728
762
433
188
388
926
431
760
414
164
457
503
98
983
90
518
114
48
417
138
946
436
392
916
552
496
113
537
758
839
893
487
601
327
675
989
253
107
750
667
272
207
171
370
191
261
889
305
310
306
443
256
742
836
173
295
332
287
832
91
126
726
579
727
53
255
717
306
362
468
974
635
676
145
5
867
407
895
173
717
201
617
974
944
453
148
240
786
435
73
877
562
799
457
290
852
712
7
159
75
476
133
710
152
279
716
20
686
611
193
403
813
810
378
758
264
526
998
50
961
71
928
524
871
385
814
723
98
822
882
174
298
15
884
451
294
601
471
981
213
665
385
27
476
763
785
740
289
784
791
251
856
719
775
727
105
590
450
204
412
333
378
711
349
263
162
643
864
633
625
78
299
10
105
775
773
891
515
63
676
306
314
532
26
90
260
132
680
711
336
93
44
714
804
393
978
967
37
843
601
662
921
900
672
27
675
446
919
190
509
595
497
823
128
523
914
388
656
594
99
992
688
144
707
493
538
685
460
575
529
61
238
450
961
911
478
636
357
397
827
866
992
325
690
120
849
604
509
505
199
609
497
888
753
205
381
291
891
841
867
420
902
105
871
864
16
349
501
373
747
328
240
739
653
931
860
502
536
370
7
736
979
505
624
732
711
5
24
602
847
891
23
750
996
894
614
13
244
115
387
992
444
627
731
97
558
592
600
94
962
608
831
941
114
455
674
825
461
698
428
308
589
451
58
586
346
673
599
591
789
986
583
233
614
315
331
173
907
931
268
870
540
99
812
654
554
486
479
15
185
907
324
774
359
383
361
705
56
961
296
846
947
879
79
562
194
411
735
102
343
3
972
883
102
785
537
656
271
17
672
456
924
997
231
284
380
592
989
437
554
286
283
501
165
362
64
360
773
799
463
116
802
436
0
905
221
537
561
492
555
234
949
480
231
181
764
612
773
753
49
328
39
332
830
205
695
894
566
469
693
30
586
496
466
586
401
687
124
963
180
679
198
130
159
429
311
923
42
85
677
91
413
716
424
243
922
119
137
489
588
830
519
175
327
985
761
728
673
885
691
853
565
890
984
724
319
295
648
362
380
325
453
793
42
877
36
965
997
173
454
586
4
973
761
332
959
523
60
632
409
752
486
974
642
470
699
962
766
347
324
146
673
778
939
715
656
976
680
653
150
135
239
155
109
1
487
68
524
547
701
933
300
188
908
943
658
607
906
425
955
230
571
628
9
510
344
665
487
25
318
637
160
558
792
269
560
279
338
84
827
39
18
128
227
927
71
886
534
977
311
490
208
883
118
217
394
462
882
881
487
201
518
648
760
310
917
320
590
256
405
417
295
424
545
523
351
617
410
886
595
722
376
803
605
495
21
999
958
904
880
446
105
398
94
866
709
12
186
300
268
592
717
564
16
263
87
368
881
498
255
476
220
631
280
825
127
301
825
85
205
705
531
311
104
625
177
814
638
364
114
906
956
832
471
973
96
559
342
978
57
597
454
278
229
735
104
356
36
929
441
242
635
973
553
740
599
731
554
237
95
669
144
52
502
615
26
598
174
368
576
232
965
31
510
195
766
615
551
803
544
993
45
180
966
599
920
565
330
475
802
426
144
946
479
646
562
505
245
737
873
822
969
839
854
480
34
621
95
586
424
640
579
469
820
545
69
740
111
400
215
913
826
360
860
305
7
423
810
253
160
684
75
130
524
930
611
558
551
706
145
975
347
724
445
167
270
514
907
381
914
123
294
741
483
155
47
491
578
857
744
739
542
819
870
66
750
481
625
301
187
770
277
534
494
722
702
765
237
610
146
152
733
441
894
217
597
941
708
176
798
452
915
341
272
785
407
22
266
33
324
454
803
601
989
298
324
691
63
562
301
210
715
35
651
609
253
248
550
961
424
349
414
340
690
687
125
98
710
392
131
34
847
935
636
836
233
961
528
297
523
830
507
239
865
159
848
118
407
399
80
832
748
495
172
439
182
298
538
892
691
670
926
538
605
563
375
839
524
903
137
48
734
644
287
600
804
136
718
212
535
799
44
284
294
216
724
476
515
263
368
206
933
295
745
538
858
120
378
383
24
515
432
758
160
719
358
964
856
77
176
392
877
220
677
171
437
401
648
953
664
17
159
598
313
905
136
172
26
515
555
50
30
987
809
190
707
168
154
564
246
330
956
123
551
633
295
989
35
944
942
700
961
102
298
274
7
435
446
33
951
2
84
981
990
893
171
698
62
326
262
308
657
219
432
208
853
727
197
888
672
139
589
633
242
888
908
249
324
355
282
275
358
367
256
348
260
428
46
322
754
309
631
411
528
63
620
381
791
817
270
463
957
860
97
199
748
5
449
73
361
732
348
719
99
605
68
360
34
115
683
789
424
314
200
953
377
821
334
169
639
605
632
596
465
729
796
214
735
245
287
97
977
636
817
77
242
885
437
276
0
120
65
425
434
266
378
812
87
713
981
726
318
614
323
783
343
120
997
79
365
285
176
343
921
993
420
164
879
857
440
880
977
506
305
412
773
684
224
861
397
206
588
716
820
912
500
164
32
498
244
398
783
421
741
705
415
162
869
294
20
310
174
998
817
480
410
590
164
635
452
562
842
40
278
662
952
778
827
984
276
72
382
59
493
124
765
908
287
634
202
307
945
377
305
762
857
716
353
21
351
805
583
193
845
862
856
798
640
684
783
917
756
166
977
250
290
742
158
577
377
361
884
322
738
190
84
596
906
437
618
258
242
201
452
88
64
309
887
704
994
670
621
751
836
598
1
127
341
160
704
718
521
589
40
260
780
125
856
687
562
474
945
805
676
398
894
740
707
781
445
702
452
67
453
289
666
454
416
7
614
121
726
136
710
766
396
491
891
253
178
454
728
124
260
405
522
155
146
230
936
592
932
389
659
385
678
326
840
94
333
455
216
60
591
926
826
988
418
718
242
596
173
971
720
433
376
243
588
523
473
525
115
406
915
775
792
593
101
632
688
435
87
904
495
679
831
321
667
249
40
910
846
213
881
566
647
258
809
236
781
283
762
896
689
677
672
481
271
773
114
960
208
202
865
703
881
697
25
549
947
65
460
793
279
341
360
927
600
169
163
381
453
926
278
142
603
950
624
875
723
739
836
931
941
701
635
823
398
660
373
346
726
833
139
5
175
499
932
775
669
96
157
122
22
435
265
626
386
889
502
110
628
338
42
570
39
677
393
438
337
766
784
63
600
924
69
776
423
2
551
93
99
708
215
122
144
480
749
531
370
251
641
999
590
683
569
630
360
962
68
698
729
853
762
330
777
832
106
201
834
658
294
933
367
510
56
512
991
805
43
362
56
684
361
646
367
930
276
728
893
345
426
623
199
189
954
977
21
60
178
855
719
473
789
86
984
845
598
976
650
641
338
707
326
699
354
693
629
631
421
523
977
848
146
176
37
101
153
58
161
332
914
881
806
703
967
790
549
566
767
200
208
105
907
534
804
262
228
434
893
649
957
871
498
104
47
536
206
201
594
367
534
509
248
340
212
216
131
762
782
898
962
991
4
870
525
808
133
753
243
27
403
201
898
902
305
946
438
511
147
32
879
682
541
128
22
754
345
154
517
128
53
479
119
57
350
645
866
483
398
109
510
802
310
408
704
616
355
142
128
503
175
7
185
717
136
208
471
482
362
989
610
416
468
729
474
819
374
340
302
773
449
813
575
759
222
280
375
577
422
503
80
598
511
265
315
648
473
787
130
836
776
741
252
245
471
727
64
845
67
366
619
516
179
195
276
402
475
652
979
898
156
59
496
667
325
811
316
798
598
447
635
375
188
888
620
659
615
684
505
682
51
124
199
231
320
475
633
795
127
612
693
283
672
189
951
997
1
268
796
600
715
431
975
904
319
596
563
934
280
69
616
332
193
816
563
514
291
197
309
419
809
3
702
482
193
654
479
194
922
275
795
638
706
770
542
26
366
106
960
647
175
577
979
369
393
543
883
685
740
192
104
550
196
807
32
389
461
512
584
384
787
379
23
494
150
565
521
517
672
481
165
847
59
145
216
452
688
99
137
429
292
242
979
489
49
12
878
511
524
463
896
312
843
919
807
993
485
328
511
157
809
676
5
868
822
221
321
510
321
459
939
614
702
919
104
751
931
982
263
456
446
159
768
289
79
575
283
565
903
795
722
713
472
728
582
294
949
904
804
271
363
744
886
65
664
990
817
595
973
81
51
420
240
820
709
320
395
993
885
299
788
608
12
260
336
594
554
286
498
359
558
862
104
444
928
768
435
746
364
409
827
416
829
68
236
539
388
632
532
274
931
321
882
944
581
218
538
136
504
37
496
62
900
600
507
828
369
942
575
733
352
402
150
181
470
386
720
859
19
253
133
950
574
15
894
156
234
433
293
738
471
790
801
371
390
308
200
760
251
775
493
603
177
644
784
648
31
505
507
50
759
641
1
334
656
896
491
890
330
785
629
801
575
430
173
965
739
373
726
990
149
219
594
327
864
379
975
895
885
483
945
644
124
947
979
781
843
470
672
173
255
302
975
830
733
148
796
472
522
522
463
671
742
57
998
606
437
974
502
322
458
447
966
583
394
945
365
238
416
38
411
672
340
387
502
74
535
299
546
57
822
10
729
565
68
728
172
505
702
674
828
161
121
795
744
516
741
109
755
157
148
167
829
488
554
332
562
89
632
109
147
454
120
876
20
188
605
192
694
307
866
522
469
987
317
213
504
58
323
259
216
471
426
45
960
980
378
523
70
10
632
218
465
753
94
485
942
699
677
636
7
543
159
476
531
477
690
36
536
14
295
752
486
722
798
446
703
177
969
774
187
602
992
652
355
87
138
297
787
815
934
795
359
94
272
890
571
962
926
108
977
222
860
463
945
659
909
649
836
879
423
24
481
416
677
837
503
815
135
290
631
69
86
990
164
358
881
735
320
808
843
298
31
704
761
976
364
670
626
201
550
49
225
32
466
902
869
969
718
4
260
349
74
346
340
238
705
221
974
26
29
818
324
61
523
85
37
887
756
663
89
306
713
314
338
179
217
208
149
936
212
410
285
287
757
626
525
462
848
500
488
878
318
812
939
842
898
976
730
654
640
819
961
354
134
299
533
352
507
683
288
720
94
574
8
851
200
533
314
48
34
803
926
353
615
865
195
513
842
925
168
483
744
129
837
879
429
371
231
937
54
519
657
149
93
665
0
294
199
315
343
234
118
270
587
734
135
782
247
978
708
416
461
453
545
298
332
975
669
563
912
724
83
570
873
177
236
874
471
436
189
815
670
308
85
258
42
221
40
290
199
749
706
661
202
252
959
534
227
629
97
140
354
181
710
228
358
947
103
829
383
293
645
54
601
730
312
643
951
353
933
150
102
639
812
304
892
771
838
119
401
936
260
756
117
970
984
476
918
88
306
301
381
951
356
982
681
668
625
632
22
558
783
124
198
595
429
90
367
268
210
769
205
471
525
322
441
510
799
360
598
105
661
979
56
18
962
737
686
587
370
709
146
154
833
345
750
263
436
117
531
647
887
736
118
413
59
560
923
858
920
522
963
582
502
20
600
464
757
287
52
128
996
198
282
830
544
32
93
980
150
625
628
38
361
746
451
421
306
375
280
227
897
244
809
399
264
410
863
21
697
916
150
694
114
432
524
659
465
617
639
616
242
268
654
604
14
105
26
321
480
306
548
378
550
358
777
814
768
641
836
466
557
986
160
672
419
684
331
885
302
971
501
545
239
156
149
254
262
175
575
743
482
124
121
32
483
899
847
251
541
683
718
99
670
878
772
90
563
103
975
865
75
477
411
315
634
560
570
896
736
145
639
219
270
760
251
753
660
98
5
201
782
723
300
453
602
72
543
165
176
519
31
252
997
442
568
631
3
138
527
740
284
167
959
554
927
210
308
588
309
313
789
92
37
90
545
639
163
89
805
339
609
836
592
606
279
160
237
282
299
764
22
583
931
981
138
859
192
446
448
502
760
237
594
797
328
140
437
491
230
242
831
839
78
423
445
358
584
683
640
883
448
663
466
380
645
604
240
837
51
688
340
811
925
935
609
254
76
46
745
306
288
576
146
367
999
592
725
583
275
366
466
723
30
933
104
675
538
344
513
589
32
853
401
958
789
11
212
865
57
957
172
346
534
318
714
533
911
440
117
187
807
584
910
837
518
15
512
56
359
25
646
391
879
47
349
668
59
562
534
116
520
706
463
54
25
178
588
936
618
706
123
426
290
34
263
808
49
775
864
408
801
511
800
681
558
150
350
618
712
884
735
233
590
198
287
615
377
875
552
996
581
676
422
872
710
685
680
760
461
545
169
263
56
970
944
615
120
294
233
833
178
969
66
769
167
353
385
545
229
937
541
811
614
963
683
324
648
364
85
110
910
255
373
966
225
318
582
345
613
816
179
792
785
245
561
953
599
947
498
829
885
40
640
499
3
323
824
652
687
909
762
597
165
136
564
390
455
147
736
68
964
915
860
750
161
422
704
760
370
203
590
255
243
230
754
246
554
579
899
242
489
661
840
654
798
405
44
253
552
780
322
517
695
182
267
856
605
971
617
975
175
208
231
418
438
985
664
993
564
564
235
53
225
75
708
24
480
752
277
33
532
600
550
228
783
818
85
388
790
702
364
965
911
595
383
349
581
48
342
146
612
578
200
838
653
908
863
134
660
141
167
193
741
718
421
524
537
506
912
327
209
277
293
120
872
677
470
454
726
813
600
339
391
800
177
45
708
41
179
369
182
347
562
923
66
984
447
603
490
360
931
700
637
225
821
510
902
291
964
629
105
564
968
496
365
146
542
74
187
722
443
369
69
6
292
136
990
739
740
481
99
671
181
737
897
3
247
799
294
211
428
400
776
397
897
141
543
439
215
730
161
659
99
231
665
392
367
656
132
108
137
231
780
319
968
677
322
216
477
617
427
906
17
203
303
914
345
846
353
560
577
515
219
677
746
885
69
114
541
202
223
678
433
3
997
402
680
319
618
158
937
46
64
954
249
368
868
595
215
222
155
792
737
375
470
484
260
540
599
802
742
822
480
176
825
478
579
506
798
198
664
735
244
729
689
494
97
557
89
312
780
245
105
517
620
575
1
881
116
601
683
858
424
163
34
249
642
613
756
440
811
421
176
56
151
865
550
248
423
639
561
203
884
666
721
505
242
723
386
358
324
69
216
748
233
251
998
875
865
755
316
677
176
492
733
327
358
284
576
782
924
137
986
809
804
707
314
46
430
701
404
755
770
621
503
4
873
502
880
738
257
197
415
434
689
149
762
48
433
339
831
357
476
817
166
281
524
480
327
955
181
732
710
952
354
214
957
227
717
837
965
975
34
381
409
724
530
172
773
964
511
604
321
988
421
487
269
946
968
597
901
150
330
612
103
684
826
60
911
544
897
877
519
932
258
928
656
789
101
429
753
613
34
75
601
455
562
871
401
531
469
303
682
799
915
785
483
742
845
394
286
743
271
805
675
530
734
332
320
836
762
73
449
796
148
51
252
711
922
654
243
391
957
925
190
873
710
674
615
556
68
902
299
340
708
975
871
442
308
191
278
70
265
728
867
413
779
119
125
702
774
368
94
731
293
285
605
4
959
220
560
28
123
860
369
831
836
240
274
144
432
552
215
697
281
82
110
60
202
236
763
976
604
857
708
898
142
313
902
102
534
463
130
657
324
499
488
160
740
762
305
172
315
520
869
596
603
980
657
805
216
420
782
820
277
491
718
420
804
621
522
339
84
652
996
409
152
485
569
892
248
874
64
564
395
933
161
998
913
818
804
129
239
587
950
517
78
669
937
883
290
459
222
375
112
219
784
265
705
354
157
954
229
222
518
624
156
680
623
69
499
427
199
738
14
150
255
93
819
193
976
110
653
199
485
765
418
270
31
124
624
188
78
853
410
597
478
566
277
101
636
776
529
836
515
544
987
770
637
806
964
613
916
617
812
402
383
231
672
414
356
296
602
434
150
13
32
629
580
310
731
217
86
260
54
602
804
41
373
442
847
337
55
764
954
868
166
337
100
838
751
456
135
354
891
285
368
924
914
949
234
646
166
321
906
221
923
711
262
296
153
109
634
209
874
588
78
40
926
179
878
678
636
13
33
527
299
401
452
214
351
686
860
518
7
767
739
931
478
1
228
632
111
862
841
985
451
919
25
377
98
904
56
735
918
89
262
217
491
714
432
842
401
292
360
409
59
100
340
538
101
568
170
213
431
12
198
882
932
224
259
31
129
315
766
47
405
28
265
896
743
697
739
145
990
100
554
50
200
895
588
302
463
759
515
894
771
714
777
703
938
37
734
67
352
500
115
758
529
381
654
273
79
394
418
69
494
973
120
695
868
708
997
332
468
512
226
239
227
4
943
165
41
677
233
393
178
348
152
708
730
807
981
809
201
400
878
696
373
998
391
241
707
389
573
176
902
800
415
129
804
359
294
845
37
528
239
215
876
392
923
607
199
905
416
400
305
294
97
679
293
488
921
1
877
495
177
779
296
593
908
101
952
203
947
989
731
186
205
608
579
129
215
778
35
631
179
341
926
276
20
220
765
942
222
642
437
400
422
734
993
331
835
946
535
782
935
266
969
141
875
548
271
91
327
306
722
506
647
649
783
667
870
548
610
92
191
48
492
613
782
486
945
617
432
480
400
368
747
370
509
622
918
780
713
246
87
436
752
734
86
535
401
956
83
12
49
274
60
542
888
842
28
833
460
460
314
860
829
61
231
339
683
149
120
397
396
207
833
148
941
919
684
343
876
768
355
925
43
415
467
932
258
495
765
718
956
80
579
786
141
810
125
825
960
245
222
356
452
56
505
394
976
189
737
852
958
93
778
1
508
245
933
766
741
699
485
698
779
64
484
921
874
610
746
834
855
969
191
308
26
696
703
2
885
440
855
844
533
633
845
42
879
778
809
621
478
294
319
257
358
804
179
233
415
925
68
270
895
259
579
921
956
282
924
841
723
779
685
257
412
531
300
292
310
109
913
788
403
233
46
762
38
225
996
453
151
64
724
46
324
303
968
280
586
892
122
309
671
808
567
84
339
867
376
649
976
289
438
380
523
484
143
561
710
139
14
861
203
738
908
527
42
876
807
629
768
929
939
439
737
506
523
77
373
900
727
350
189
165
731
713
650
874
274
360
13
289
222
217
28
130
744
71
6
552
700
774
482
639
214
220
146
738
297
520
638
24
870
828
189
602
541
840
476
816
200
489
105
422
706
134
553
451
205
559
3
905
334
486
545
549
706
691
287
3
211
926
27
82
754
217
684
296
57
160
112
258
650
218
681
357
352
234
808
558
793
812
463
128
298
8
677
5
700
965
8
911
891
36
993
646
254
677
943
311
838
56
569
488
274
251
845
627
485
654
185
279
467
649
407
766
658
85
771
358
51
780
269
943
816
263
589
70
941
532
382
779
589
952
268
864
203
114
491
688
769
677
967
236
327
375
3
986
461
774
344
512
554
614
455
371
878
45
442
819
578
824
599
167
777
868
31
980
982
523
669
751
201
637
988
529
12
991
515
474
766
859
986
321
474
442
692
352
487
135
172
66
959
771
233
736
639
265
717
622
788
386
374
990
24
362
519
37
354
34
511
121
894
498
442
369
941
135
722
429
270
894
495
230
666
728
967
306
994
684
928
783
71
302
773
96
665
293
133
20
328
644
141
222
143
584
592
84
719
314
513
990
209
8
220
875
737
187
182
732
872
110
515
944
413
288
40
79
581
173
100
910
818
242
132
962
826
725
46
546
40
560
536
249
569
756
125
307
944
307
39
817
418
554
761
832
843
801
912
425
975
12
335
794
254
468
756
81
194
803
627
234
364
163
483
933
920
609
240
864
916
280
681
335
835
443
168
678
244
80
104
220
93
439
15
348
908
771
429
102
575
56
336
939
219
820
873
139
429
114
4
346
394
686
682
229
129
850
908
374
930
12
594
24
452
609
372
361
381
801
463
957
857
800
897
77
621
770
217
50
884
222
397
279
908
79
509
37
929
417
411
860
430
6
884
883
615
256
244
997
58
708
955
916
509
852
994
130
623
211
180
508
433
578
787
342
657
296
379
586
714
790
447
144
796
331
27
412
588
272
410
647
981
366
563
490
218
557
620
842
769
801
350
203
379
137
545
36
434
925
623
148
716
70
293
513
402
321
926
991
593
336
638
574
703
201
65
922
759
685
764
528
486
114
732
866
252
278
902
686
203
526
835
919
597
128
432
999
449
358
990
43
695
628
618
398
830
683
321
589
369
85
118
856
200
851
722
452
129
625
139
332
151
974
252
748
103
685
748
552
43
739
596
739
368
214
138
198
898
459
788
267
545
907
123
745
759
846
197
888
471
336
221
623
311
473
371
414
159
120
967
202
859
563
942
228
778
80
426
677
540
215
945
85
123
69
830
882
915
27
770
386
364
992
9
675
466
381
90
625
502
57
828
361
620
770
589
399
851
16
76
391
232
21
476
355
90
306
237
6
334
8
392
699
0
402
375
467
784
465
92
286
522
920
648
143
690
238
543
542
254
619
933
487
641
409
842
732
716
79
738
51
88
131
750
88
533
126
556
317
592
648
603
115
568
252
258
259
490
802
802
744
422
735
231
63
145
74
796
861
154
535
913
242
666
664
331
200
790
887
518
382
536
122
497
104
374
756
364
864
559
166
609
981
902
841
45
47
915
841
909
69
377
822
312
43
487
643
244
278
531
762
661
67
884
159
172
258
916
537
123
475
704
732
456
606
573
501
653
488
343
563
558
720
386
870
764
873
514
8
152
45
770
813
113
655
972
285
914
888
822
37
363
526
770
819
133
343
321
787
832
665
350
391
385
736
261
149
610
776
158
762
822
929
575
935
585
548
220
499
436
42
537
800
569
307
620
702
651
942
489
484
607
840
875
992
577
137
142
188
913
301
950
735
230
526
670
815
75
891
315
512
934
852
312
503
160
932
206
811
874
696
295
482
536
171
474
114
308
617
302
222
918
253
957
149
779
628
964
854
519
280
367
454
132
679
958
293
612
164
104
487
861
400
969
398
571
444
512
880
61
814
102
980
67
59
129
847
688
94
702
208
374
69
662
507
749
620
800
361
785
905
848
647
305
817
45
877
261
557
757
323
372
859
303
440
919
433
288
608
527
990
816
901
60
479
408
809
100
209
171
886
114
19
533
420
837
578
297
99
136
55
423
509
915
726
949
835
159
238
443
687
229
260
588
289
739
997
99
840
207
270
726
321
290
260
741
128
838
39
227
975
95
651
484
10
377
434
845
537
673
289
225
902
549
814
191
289
811
291
130
18
561
857
340
852
117
82
980
956
121
208
931
216
859
416
227
237
851
73
775
524
363
0
426
912
814
618
202
626
909
333
645
471
190
985
323
307
67
304
263
189
512
194
406
371
611
633
609
462
707
384
987
70
385
413
983
199
32
186
826
942
519
471
413
709
457
737
16
525
41
280
714
553
475
120
925
86
754
534
549
462
919
536
532
304
950
516
504
983
702
331
925
221
802
338
931
259
75
947
784
116
228
499
670
703
620
595
789
375
130
339
837
50
875
370
355
826
886
859
809
588
190
734
810
993
73
741
253
149
689
38
265
917
537
936
620
157
532
410
533
662
749
370
712
625
740
67
451
626
927
261
215
118
996
26
112
69
767
365
218
456
404
484
373
941
420
993
99
952
404
632
615
153
3
327
778
743
395
230
370
323
492
586
442
488
612
554
558
379
920
776
836
324
261
210
266
681
204
366
634
608
999
249
761
2
577
540
746
973
771
117
297
264
703
739
752
316
294
311
696
215
87
532
539
348
743
806
30
947
173
665
555
172
915
317
175
492
858
921
466
630
38
763
894
742
503
647
59
798
958
755
13
45
288
553
394
31
359
425
978
532
90
533
705
5
851
880
498
709
801
965
339
840
729
233
583
232
881
642
30
839
397
44
885
686
597
280
717
957
705
696
489
796
230
195
801
81
75
300
790
877
265
130
718
994
364
301
227
245
943
258
84
341
302
970
28
899
250
745
856
955
441
346
751
671
541
553
753
617
854
544
495
120
674
213
114
39
515
342
284
459
600
369
800
902
339
829
802
589
574
658
545
16
5
297
688
546
851
441
164
706
986
659
826
661
873
940
700
388
283
985
847
883
354
648
786
694
477
588
284
52
247
830
68
252
127
757
799
979
199
963
685
185
623
511
846
496
452
547
884
735
532
732
619
887
380
406
581
857
994
866
909
241
696
978
494
824
735
293
803
934
256
489
120
879
0
966
376
453
513
260
189
46
992
809
933
373
215
514
231
209
380
141
451
76
119
945
901
855
239
704
790
495
193
910
375
194
877
751
647
390
12
837
436
5
646
370
378
861
884
609
71
265
750
523
342
870
468
243
725
708
948
515
203
141
425
579
336
302
331
984
693
343
821
130
349
468
500
727
329
385
337
400
650
87
924
993
957
393
236
683
101
184
198
305
326
624
884
663
926
216
647
620
560
469
750
909
937
251
637
266
636
974
667
287
61
591
280
19
984
517
702
85
702
901
391
29
525
275
692
452
492
339
72
52
808
823
961
746
74
598
13
711
572
680
998
634
272
279
654
257
797
356
343
500
258
734
529
783
10
221
235
502
561
307
554
370
130
516
116
205
114
129
916
687
810
915
322
83
195
976
340
992
333
684
493
591
418
22
375
428
244
610
931
805
918
485
176
49
1
292
254
116
422
171
804
233
87
127
316
282
103
657
275
437
341
768
29
759
790
405
188
34
15
119
840
934
605
16
983
607
309
238
723
732
409
528
965
496
655
282
779
759
939
54
197
280
822
227
40
613
632
229
648
647
348
489
581
954
506
565
561
816
803
285
548
213
814
514
710
469
796
489
228
736
544
426
16
366
653
57
980
285
286
628
933
635
117
514
589
623
80
151
439
884
436
988
97
250
503
807
720
300
297
949
36
841
375
53
208
29
110
188
314
396
817
247
31
934
762
620
558
842
772
998
726
208
987
824
459
490
632
180
790
929
130
826
771
505
880
979
534
990
168
849
386
985
96
418
920
859
39
479
701
811
477
428
20
465
253
480
955
885
661
746
815
791
573
587
297
453
566
832
443
735
681
830
720
778
249
641
637
288
120
339
100
598
768
120
63
21
601
19
907
262
765
722
53
338
310
350
792
877
183
236
612
864
66
333
642
315
974
280
604
94
619
704
693
387
825
756
409
426
775
316
689
541
39
742
880
349
93
672
226
276
908
839
141
975
172
783
291
146
64
895
241
683
599
934
71
425
691
480
851
467
797
541
8
837
283
888
186
377
561
413
654
469
252
795
445
425
579
736
571
643
631
813
327
231
748
398
656
439
879
508
906
677
49
915
514
333
803
701
711
364
115
365
834
367
161
279
792
740
15
364
384
647
178
711
878
926
110
535
365
990
44
272
668
93
187
182
427
991
884
138
356
999
503
191
367
664
470
160
405
486
524
789
133
702
501
12
629
612
547
995
602
591
267
270
685
455
453
112
446
337
251
803
337
754
994
704
419
464
864
825
951
389
614
85
92
116
97
721
728
645
717
331
237
985
602
923
440
56
36
887
394
287
690
731
41
684
436
461
149
301
286
100
690
901
185
783
17
283
505
746
929
222
78
167
207
680
90
647
737
126
534
131
413
225
862
455
909
299
917
58
600
204
159
290
105
345
74
123
628
579
870
558
801
948
725
8
629
816
656
366
942
191
497
356
416
360
812
325
660
729
384
260
933
543
551
39
888
625
162
517
204
33
75
6
981
801
14
611
617
671
977
560
862
475
917
278
836
729
604
496
459
988
757
393
531
309
433
420
934
595
937
139
629
13
145
611
814
160
222
432
832
200
993
694
676
910
973
512
640
578
9
100
566
767
494
98
76
927
519
11
523
456
150
152
469
296
763
284
456
985
717
288
186
710
983
862
621
957
375
262
535
384
363
102
152
857
201
228
785
720
239
308
176
390
461
646
686
224
931
143
210
648
432
396
359
415
258
981
373
633
243
908
18
607
10
171
465
211
399
250
931
639
558
108
30
19
754
716
244
686
860
455
334
292
851
693
708
110
674
81
744
918
990
763
526
1
934
991
213
334
241
145
974
800
253
4
820
8
721
64
694
581
520
29
874
371
723
583
482
398
665
226
316
655
989
842
657
924
834
870
258
75
15
232
875
269
237
696
278
958
761
973
540
281
2
415
653
725
999
135
124
664
361
440
320
351
283
977
275
117
847
534
193
863
767
69
132
4
765
410
963
526
384
504
808
386
919
461
112
918
596
236
583
958
677
903
309
961
880
585
79
727
119
272
591
886
341
723
891
107
134
854
634
518
358
442
905
278
903
18
197
500
255
780
458
932
683
768
894
563
353
973
291
473
245
882
359
587
605
250
694
740
105
329
259
463
771
165
742
675
183
939
175
438
719
633
371
402
401
266
965
755
239
257
228
485
139
587
73
745
838
768
486
944
97
745
407
868
910
149
544
94
89
719
533
808
353
904
210
755
170
176
510
410
433
738
895
573
326
968
318
165
736
804
109
833
550
517
702
461
667
246
555
756
966
88
564
319
993
774
74
164
951
584
574
385
323
470
958
649
438
276
814
175
81
924
9
631
441
712
92
108
959
648
864
925
736
428
245
730
203
320
894
154
905
468
540
228
938
498
878
377
775
693
553
856
617
562
488
58
275
581
166
234
229
30
160
966
459
406
696
663
726
590
818
631
59
358
860
997
856
738
375
631
431
928
488
49
491
976
107
766
558
273
1
787
304
162
754
764
568
451
427
295
41
245
927
100
603
788
98
459
526
473
91
958
402
579
7
893
555
115
660
114
389
661
901
694
824
656
458
393
107
885
689
149
131
616
250
734
404
348
194
931
822
285
890
224
864
898
117
420
14
777
534
403
439
436
97
264
92
556
657
200
441
346
349
573
963
599
307
368
948
501
299
770
786
190
994
651
89
112
71
103
890
606
506
330
42
604
594
135
160
251
335
602
598
685
175
562
285
483
930
233
984
230
4
771
420
999
422
510
111
494
613
2
100
120
332
143
725
926
278
886
178
614
489
776
299
665
338
584
148
269
818
133
499
822
904
920
822
327
430
933
822
43
935
922
164
268
65
889
194
344
775
372
958
264
149
258
929
488
843
78
757
661
211
257
484
116
177
306
444
607
240
266
651
176
189
815
444
255
705
638
599
481
11
558
746
161
816
676
649
659
754
407
321
966
664
805
83
841
112
527
449
352
793
100
529
983
916
973
238
622
612
838
103
623
396
849
784
212
526
434
871
280
841
192
247
506
998
330
347
110
857
797
463
651
898
992
634
814
966
873
437
578
711
540
202
107
390
987
319
916
422
191
197
264
384
444
770
383
774
118
494
632
915
957
284
814
950
918
628
916
791
66
495
503
606
698
610
997
686
930
914
109
122
111
373
506
556
144
890
331
262
384
964
178
342
248
992
292
167
621
209
959
687
705
462
294
404
72
292
90
3
206
200
125
318
573
632
875
717
522
206
980
906
170
159
248
419
151
541
586
773
750
545
461
455
7
755
860
80
47
951
83
254
151
208
573
725
840
448
443
362
654
423
269
825
583
518
245
735
59
831
508
809
376
969
265
384
725
125
465
773
77
548
28
228
757
601
953
598
49
396
961
704
820
230
530
403
748
775
139
807
606
647
617
983
617
883
368
343
9
833
116
86
381
144
315
139
745
268
737
795
665
698
499
486
929
29
890
677
804
29
485
411
676
103
394
294
987
763
637
996
596
754
83
978
899
398
117
644
666
854
439
332
553
939
818
482
968
709
160
772
738
646
184
415
750
578
709
737
341
347
734
938
102
817
916
1
215
34
646
882
888
86
214
442
25
33
925
993
742
85
766
481
732
950
896
482
529
606
220
871
954
954
809
56
771
726
57
986
760
703
868
649
789
83
91
814
117
16
808
860
102
575
341
835
525
238
317
55
845
538
927
799
492
736
856
263
463
913
250
223
617
119
873
407
202
965
222
320
981
30
180
84
605
522
919
131
761
237
186
606
775
114
406
267
850
262
531
314
176
782
538
794
901
411
202
104
376
424
424
358
455
605
442
60
128
362
192
889
600
379
496
375
493
903
643
344
166
175
658
343
957
196
137
858
608
340
963
985
764
387
343
219
993
786
280
122
148
472
12
748
851
508
124
345
412
767
689
578
942
348
921
900
545
59
758
153
399
721
138
164
109
482
383
103
268
663
226
417
136
238
166
988
747
290
333
159
58
23
738
1
371
659
901
916
719
660
70
119
382
208
284
492
690
667
596
959
331
822
376
468
60
543
456
807
833
789
967
892
812
705
894
184
365
796
100
85
456
170
204
839
379
489
332
70
156
928
30
488
750
407
956
811
950
412
619
784
202
586
676
15
291
571
200
656
367
300
741
824
471
946
663
851
435
995
922
592
924
952
81
675
359
37
486
309
450
106
93
653
692
770
669
984
341
869
640
708
170
382
532
642
329
196
493
764
192
415
357
116
368
438
791
727
476
278
37
926
384
131
580
77
902
249
61
243
119
702
952
289
84
485
932
413
682
425
178
874
841
535
990
209
974
782
937
450
60
975
377
445
106
957
522
8
207
584
252
326
286
205
616
370
690
548
784
372
974
963
246
815
499
237
25
473
20
963
923
81
938
301
526
45
258
49
54
466
633
306
793
920
511
409
290
202
958
75
575
932
38
822
748
537
60
774
11
80
737
935
161
676
236
687
722
495
737
776
961
371
83
754
291
595
164
582
798
122
657
373
54
696
195
803
234
255
577
246
336
315
181
497
992
417
185
714
913
922
491
874
294
575
629
585
170
793
167
969
915
825
342
970
522
538
774
756
794
351
2
130
667
184
628
659
601
813
374
515
736
866
389
30
441
19
615
612
812
783
581
728
608
924
699
131
462
473
887
257
825
890
388
492
74
16
152
676
829
526
191
566
392
581
597
834
600
213
446
413
996
27
142
605
951
841
736
414
315
624
672
141
514
60
633
589
76
786
266
906
312
457
472
705
39
70
539
639
283
985
53
279
13
195
885
965
37
621
380
352
246
52
493
760
112
127
350
189
913
616
95
226
74
568
932
113
638
471
752
921
457
806
201
471
1
86
436
38
708
817
391
954
869
885
715
982
12
65
172
926
682
268
153
756
836
85
869
475
557
622
397
15
428
599
486
430
686
923
468
394
740
860
349
610
745
64
592
758
130
764
685
812
32
838
568
869
924
438
345
482
61
743
497
489
343
983
920
29
906
389
423
647
249
772
257
995
837
850
753
967
615
438
779
648
277
348
518
201
787
863
683
848
607
180
338
950
164
258
979
71
648
403
718
897
176
975
892
13
826
646
981
441
84
761
89
361
110
607
562
897
471
246
745
79
427
84
29
591
343
9
662
991
413
381
888
589
356
781
603
183
427
584
624
511
346
714
873
456
321
436
353
793
682
99
872
109
183
902
700
527
911
363
518
324
744
406
914
101
188
517
284
615
102
909
127
448
623
0
904
945
437
258
738
119
358
611
229
542
513
930
69
425
293
587
749
38
994
664
139
182
182
424
798
284
333
925
733
956
926
638
901
363
896
640
483
254
251
712
796
765
642
865
190
936
453
940
974
447
604
113
629
786
537
427
71
870
353
804
827
280
442
728
643
339
369
127
594
620
839
391
386
482
257
576
418
710
517
392
157
122
506
787
909
44
214
980
914
568
785
742
848
228
471
492
568
840
619
162
460
458
553
847
941
811
423
359
521
941
751
679
63
257
466
972
301
681
953
216
249
738
959
98
967
430
590
535
270
209
698
731
668
252
578
609
63
2
968
585
943
720
264
6
978
731
979
280
412
932
497
662
671
456
760
638
886
351
174
157
560
872
888
229
124
466
839
187
469
808
772
412
529
37
419
507
768
399
788
180
331
285
843
3
742
604
642
629
955
817
786
516
689
674
745
814
141
585
2
610
393
774
23
922
812
442
430
580
841
218
761
173
504
605
177
247
209
819
876
164
636
663
680
326
337
426
140
479
11
142
89
405
917
112
327
729
555
758
310
397
977
72
571
482
677
748
729
887
568
606
51
205
269
732
531
607
158
672
86
169
815
176
575
732
289
902
462
845
661
773
242
638
846
813
121
523
562
850
410
130
457
462
336
726
194
868
334
352
540
421
522
355
597
97
88
887
0
551
732
662
324
974
300
170
788
422
694
351
272
105
482
730
567
818
457
762
687
791
115
227
212
637
583
810
735
672
697
736
223
429
398
547
404
699
718
193
121
412
545
394
518
27
124
86
846
581
848
533
373
963
761
586
601
345
396
336
17
94
73
240
523
471
788
928
170
507
122
291
920
667
685
438
694
810
524
541
392
373
74
765
336
835
351
938
180
748
275
198
842
348
438
366
819
227
294
990
734
417
281
655
84
967
93
779
778
618
320
170
991
395
935
328
230
287
266
411
35
541
609
877
889
48
243
708
275
538
698
10
955
980
666
40
948
759
820
726
377
140
896
369
536
832
697
767
119
963
178
154
504
787
32
393
836
275
102
112
814
801
123
769
782
789
810
731
548
630
457
926
771
354
295
307
187
993
74
306
956
253
461
460
40
494
854
877
770
957
989
584
759
112
354
542
901
164
273
450
794
731
377
565
86
673
873
273
666
947
579
622
200
41
83
241
535
938
119
305
896
108
890
655
221
244
197
123
408
471
573
203
202
950
769
288
624
643
561
290
590
141
913
791
183
997
33
719
936
153
25
832
261
915
488
482
159
686
605
568
157
179
772
360
130
542
649
754
185
210
45
776
352
959
568
536
956
602
255
893
755
280
725
16
195
214
499
355
901
105
924
59
285
697
419
416
239
68
170
424
279
216
200
632
175
768
168
132
370
423
25
125
704
751
142
900
965
642
255
866
748
180
926
33
877
345
449
116
414
620
541
694
837
741
326
13
510
495
145
880
919
171
6
623
922
149
523
888
791
779
755
539
959
681
573
837
27
23
954
442
644
495
136
482
237
463
495
747
958
641
628
878
812
634
501
735
783
25
623
575
804
379
115
764
60
688
602
88
712
556
530
357
52
666
839
289
130
334
36
89
975
665
967
788
299
468
523
83
493
146
658
298
525
773
62
586
462
664
674
174
221
204
531
273
871
371
562
1
705
599
90
681
264
58
470
564
526
993
647
20
140
305
318
666
79
380
253
541
45
927
715
266
132
247
539
4
618
102
5
324
702
96
6
966
154
476
531
681
470
178
701
611
484
20
278
563
400
531
104
446
459
820
712
591
67
252
595
686
355
601
11
57
698
18
24
853
495
555
534
965
734
236
577
219
256
855
782
657
386
887
103
845
707
816
436
775
68
32
462
424
634
473
481
332
491
505
185
986
61
720
952
795
956
529
14
212
384
797
869
771
684
973
616
392
789
53
168
858
85
630
282
720
104
763
52
596
269
238
583
330
958
536
126
914
65
141
127
450
938
997
221
623
970
837
15
760
891
184
618
976
815
901
697
919
665
749
516
935
988
99
265
946
635
392
861
701
533
988
152
472
986
373
95
956
211
111
717
102
295
336
79
111
237
776
30
903
526
547
838
514
647
103
461
283
496
322
985
29
311
137
501
298
510
597
254
722
708
971
824
4
307
903
115
545
680
146
448
206
693
286
721
341
390
183
624
886
505
609
916
817
746
418
115
257
15
370
979
724
342
803
728
650
707
844
196
388
990
644
595
684
931
317
25
322
500
650
208
5
259
125
823
6
543
939
263
559
310
242
283
653
46
12
303
754
856
500
143
846
144
738
531
76
55
557
398
555
207
607
561
466
732
385
473
276
325
736
835
635
979
118
289
26
130
592
781
986
93
924
833
238
663
365
314
719
922
713
275
129
320
837
596
52
222
69
329
548
806
164
184
786
283
473
813
413
66
594
400
159
519
234
397
183
600
711
902
522
424
178
652
745
15
249
798
238
319
127
786
126
291
970
912
575
443
725
988
510
320
389
669
839
624
66
22
224
778
925
746
203
103
399
948
119
648
746
357
968
874
144
94
166
115
6
741
559
732
730
69
52
119
738
891
743
805
914
968
583
840
715
787
944
114
736
63
763
483
420
731
357
565
825
523
680
832
264
239
564
994
308
616
114
46
508
858
852
423
826
435
263
541
223
207
656
959
271
419
442
692
150
799
257
976
323
937
809
587
176
373
582
485
990
697
532
499
555
384
923
382
820
186
924
43
394
580
2
666
999
444
358
150
244
615
127
567
553
936
155
730
310
738
215
300
435
747
800
991
132
723
374
952
910
298
995
305
878
998
971
877
442
330
28
687
946
155
254
499
91
409
229
401
147
445
702
583
192
503
575
324
226
949
277
137
247
272
442
125
271
414
3
713
745
31
401
691
186
655
190
278
65
420
679
213
865
382
796
58
885
372
382
112
321
659
249
568
932
692
694
203
107
697
917
852
729
318
543
915
974
734
193
39
154
873
252
19
256
49
77
141
421
460
254
743
120
503
311
53
196
6
257
303
703
175
156
432
494
699
348
468
434
542
507
588
416
760
608
672
809
686
814
231
147
68
974
268
572
286
322
768
292
579
72
996
754
228
429
249
928
777
717
362
320
224
951
736
985
560
408
794
247
222
25
395
290
0
664
863
286
986
631
578
565
703
574
320
932
3
569
860
781
287
223
101
512
175
837
497
736
245
292
984
468
317
379
759
317
43
622
603
29
254
182
595
958
756
916
890
760
486
751
541
773
975
642
285
151
480
783
887
726
75
871
194
392
250
954
710
294
577
314
324
831
496
919
789
253
836
680
13
322
432
555
96
407
198
382
558
678
165
446
404
240
317
599
633
568
554
343
863
131
658
187
962
155
107
752
409
943
433
423
266
865
978
363
273
177
745
832
855
910
278
260
150
596
860
783
164
415
127
27
546
786
215
509
942
322
262
351
266
695
774
532
561
753
895
834
930
640
666
786
551
944
47
702
540
908
485
705
323
613
733
870
400
948
379
342
270
642
693
536
337
468
69
898
221
965
732
152
606
399
939
157
344
986
859
884
894
345
590
218
959
323
88
359
271
468
701
542
110
395
79
447
863
148
346
84
114
79
237
720
478
176
878
822
162
737
707
57
83
297
276
42
621
364
402
892
832
103
435
943
498
514
390
362
663
737
446
777
816
684
498
295
860
376
118
23
114
825
80
197
123
357
240
744
721
642
637
554
746
72
497
245
587
888
607
250
626
54
28
442
738
527
738
598
903
856
622
17
682
703
215
805
60
456
549
781
98
186
336
845
259
834
90
846
723
698
97
349
752
125
792
491
652
530
90
556
387
712
574
69
415
790
875
475
246
425
257
345
612
593
190
871
428
281
718
151
979
815
500
732
941
293
223
594
824
313
150
211
25
724
281
440
515
157
915
761
582
172
106
194
766
297
66
194
578
784
345
558
599
846
290
540
140
513
134
964
826
285
176
851
10
457
292
525
614
207
286
197
380
393
391
146
690
458
341
269
243
686
827
842
533
118
383
673
631
518
637
458
804
813
310
814
271
602
340
886
810
627
83
190
20
475
337
711
933
678
981
176
365
808
19
898
927
403
572
558
922
210
16
726
24
327
540
295
929
881
182
739
508
265
930
528
740
267
240
674
945
221
851
311
30
870
209
957
274
782
516
196
992
532
922
17
860
463
312
789
344
494
529
852
760
459
381
501
726
621
175
672
843
26
983
873
897
193
830
172
976
346
368
969
879
291
986
739
754
299
529
99
794
58
952
554
517
333
55
244
955
231
917
798
258
901
671
155
95
502
327
71
849
696
41
729
987
27
469
742
326
999
841
120
57
793
675
575
126
731
820
82
962
738
880
220
639
552
376
735
54
704
807
904
400
848
634
388
875
103
130
202
102
971
322
160
764
998
736
891
729
556
973
691
294
854
912
934
406
288
670
461
993
477
365
393
325
0
781
201
104
912
403
207
883
726
367
648
724
103
539
454
660
513
146
954
367
58
889
773
347
559
234
340
37
600
734
362
600
516
564
705
428
967
912
312
694
279
960
419
383
500
873
43
13
19
998
381
77
887
155
425
447
390
766
484
990
500
847
591
17
411
296
446
379
209
758
73
488
718
493
872
218
366
915
232
386
913
614
464
801
769
889
248
159
655
733
150
156
580
742
173
992
38
619
371
247
377
445
736
96
938
608
315
305
524
548
691
438
162
155
240
931
45
488
91
700
222
241
856
803
983
30
795
22
650
167
270
28
612
7
124
551
616
440
857
140
988
548
578
150
704
818
82
749
307
173
450
530
415
307
333
398
337
128
421
988
295
691
16
908
698
141
460
314
581
317
455
569
866
34
720
570
853
803
319
161
977
770
691
392
77
24
791
415
153
213
403
449
904
419
357
603
560
818
918
142
135
373
712
1
408
433
572
261
236
892
422
214
662
114
607
739
138
399
154
292
612
557
741
517
977
99
121
538
917
39
680
53
413
393
54
821
826
627
83
63
519
505
277
181
619
885
920
758
284
75
51
897
632
792
414
610
892
536
148
809
575
829
863
989
222
918
811
49
545
894
112
