687
225
542
229
90
700
529
772
629
369
378
793
660
407
456
176
803
325
773
796
49
341
821
272
332
582
504
971
339
808
686
26
34
228
256
125
929
785
898
559
155
276
352
816
683
809
993
487
134
766
283
184
108
104
457
440
687
961
411
26
770
98
53
805
326
309
930
256
95
828
816
251
105
168
68
788
978
61
275
113
828
559
298
936
664
755
377
351
716
789
378
487
887
432
292
214
741
223
470
837
51
287
89
156
455
157
945
434
219
221
547
47
780
845
984
444
600
361
796
317
151
175
805
38
607
97
252
349
321
723
187
372
10
276
529
466
434
475
901
653
696
448
701
476
294
685
921
895
47
718
213
198
893
18
236
501
116
489
850
437
213
38
810
223
314
339
690
749
815
591
403
511
40
104
988
334
789
910
230
836
628
443
35
522
461
271
24
578
761
874
16
974
913
826
198
228
166
888
977
981
480
380
492
520
485
481
855
274
391
85
111
20
529
146
542
991
418
566
569
179
441
585
153
354
411
352
582
578
240
560
559
721
941
52
242
426
534
97
701
925
183
812
945
712
959
488
703
377
55
273
557
497
858
711
852
270
63
434
849
304
995
409
25
936
461
268
363
996
366
64
921
549
877
867
262
836
355
966
214
411
240
772
908
99
483
760
370
546
195
219
851
191
628
877
128
90
145
491
86
511
555
8
61
433
875
324
270
231
290
485
643
531
257
551
630
740
312
0
287
508
219
139
699
848
16
827
938
161
318
24
672
874
33
734
307
908
58
578
140
349
63
783
880
320
335
511
61
647
511
349
155
731
488
855
579
504
683
517
666
2
542
339
876
575
73
184
484
132
762
624
481
825
407
362
146
743
873
207
390
385
557
546
116
45
402
695
550
85
212
216
87
755
556
964
330
629
149
815
762
912
439
244
738
847
606
884
590
480
92
981
865
649
528
982
694
930
677
245
15
890
461
103
645
17
68
976
647
217
791
409
129
231
653
867
78
260
751
669
741
843
650
607
493
179
589
187
109
266
432
125
157
894
229
802
912
297
779
560
514
570
970
643
801
623
511
880
884
262
549
625
106
200
233
599
379
822
787
489
89
220
614
246
115
843
49
27
140
828
588
655
399
558
298
201
182
809
81
66
72
631
692
179
832
925
778
211
748
566
701
837
786
315
83
902
159
133
929
300
962
518
955
361
76
253
562
258
63
644
325
135
276
18
315
108
943
93
320
692
660
21
529
446
337
613
348
496
746
278
796
708
797
751
70
873
5
633
132
68
278
457
204
554
475
519
663
419
613
983
111
273
5
641
720
342
254
69
839
1
348
635
710
145
387
781
19
392
414
151
461
692
609
666
247
85
186
910
505
799
894
617
73
899
258
794
242
513
864
81
515
212
717
225
358
104
6
377
497
421
529
958
114
138
625
361
223
811
272
729
611
167
346
685
67
605
479
309
118
343
391
633
556
108
859
915
212
865
292
709
286
822
668
401
960
293
763
184
105
35
913
717
203
260
402
270
865
882
580
983
226
971
617
783
79
476
698
291
341
990
1
628
812
670
30
773
963
793
957
69
828
871
786
31
131
189
302
997
72
882
980
298
853
597
81
932
74
779
224
415
770
226
44
583
896
74
356
860
867
314
929
696
186
716
728
318
906
31
315
978
913
295
276
767
893
358
700
967
137
925
383
907
151
428
490
47
503
847
907
371
162
837
68
348
554
796
666
461
827
981
439
741
277
716
509
170
74
209
138
212
134
522
119
286
950
610
333
453
458
241
825
620
79
893
968
634
690
635
95
518
616
535
259
893
251
768
64
325
978
203
537
113
725
657
399
675
268
732
129
726
974
954
347
54
848
316
688
538
951
784
56
567
319
315
461
571
84
526
896
63
729
434
176
455
92
575
130
360
308
260
87
282
215
435
337
63
751
26
601
702
811
658
270
130
973
732
701
58
258
598
121
988
33
297
443
125
872
574
486
181
835
574
464
50
9
801
114
760
828
716
463
639
374
733
769
348
465
471
406
724
70
528
712
103
826
155
228
699
730
715
880
565
289
344
616
299
146
730
60
974
446
523
613
820
256
383
169
721
854
576
445
924
104
158
27
930
314
256
630
44
972
510
609
262
854
225
561
0
956
621
975
403
144
588
224
400
971
393
122
825
969
568
750
74
726
778
5
40
35
635
84
7
145
694
269
0
920
831
1
877
453
976
280
597
565
504
998
536
897
121
362
866
689
112
940
416
891
945
456
926
581
541
933
726
236
203
727
156
35
729
33
488
